306360340
353327108
305315848
305254412
306384916
305283088
306225168
306405380
305164292
305184788
306421784
305262616
353282052
306389020
344519684
305184800
353028100
306446348
353125380
353051652
306364432
305213448
344880132
306282516
306401312
305287200
352647172
306425876
344372228
305172512
306274316
353114116
306343960
305242140
306380808
305246212
353138692
306425880
305266708
306221084
306368524
344658948
306364436
306405404
306376720
306286608
305188880
306323488
306372620
306429968
344385540
305197064
306348052
344294404
305274900
306229256
344528900
306380804
305172504
305270800
306372616
353060868
306409496
352969732
305311768
306327580
344815620
306208784
344724484
306216976
344261636
344671236
306233348
306290716
344216580
344359940
344728580
306294792
344594436
352651268
306331672
306331680
344503300
305242144
344737796
306303004
305246236
306356236
353035268
306393116
353269764
305315864
306274320
344229892
305278984
305188884
306192404
306417680
306241552
306389008
306376716
306216968
306253848
306446344
306360328
305139716
306397208
306278412
306315292
306397216
306421772
305238040
306327556
353335300
306339856
306221060
353113092
344306692
306364420
352736260
306384900
306282504
352970756
352978948
306319384
344491012
305205252
344725508
352983044
305242132
344634372
305246240
353257476
306262032
344217604
306429980
306303000
306405392
344360964
353309700
306188300
306307092
352916484
344269828
344504324
305197072
306429956
306339864
344413188
305266700
353036292
305283104
305139720
304168972
306221068
305254404
305225732
306257924
306221088
344934404
306327568
344283140
306208772
305250316
305287196
344597508
306389012
352723972
305172488
306270216
305311760
352867332
306413576
305229844
306331660
344622084
306368540
353245188
352724996
353294340
306233376
306286624
306393104
353323012
352737284
305254428
306274308
353297412
306429984
305258520
306192392
352880644
306417668
306311188
344400900
306335752
344635396
306446352
306372632
305270816
306253836
352932868
304156684
305258500
306389000
305176584
353310724
306196484
306315280
306200596
306323476
306339844
306229268
305156112
344323076
306257928
344557572
306294808
352728068
305299472
306401288
306376736
306356252
353232900
306405408
305242120
306274336
344864772
306380816
306262020
305254432
305303564
306372636
344492036
306372628
305221648
344388612
344343556
305197080
306323464
353011716
305258528
306315284
344531972
306421764
306319376
306384908
344675332
305274892
306421788
306302992
344258564
306393096
344818692
305217540
344619012
305262620
344310788
306245640
352933892
306282520
344885252
305287184
306368520
353077252
305205268
344212484
306307084
352986116
352982020
306343964
344832004
305229832
344544260
306262048
306368528
353272836
306286612
344232964
352929796
306393092
306372640
352764932
344601604
306311176
306311196
306380824
306266140
344754180
305139732
344663044
344897540
305209360
305147916
306327584
306434064
352778244
305283080
305250332
344949764
306352148
305156100
352921604
344893444
305274896
306376712
353064964
306413592
352973828
305299460
352998404
353117188
344311812
353260548
306393120
306192408
306417684
344364036
344414212
306298888
352987140
305233952
305262624
344507396
344888324
306253852
306380828
353039364
305270808
306397212
306315268
353273860
306249744
306257940
353182724
306196500
306343940
305213456
306421776
344377348
305238044
344937476
306200588
344286212
304123912
352909316
306204680
306257944
305164296
305160196
306364424
305299488
306270232
344856580
306343952
344299524
353133572
344859652
306380832
306196496
305303580
344351748
306286600
344643588
306188316
344287236
305242116
306425872
305246228
305201184
353027076
306384924
353261572
305205276
304168976
305143832
305307672
306303008
306409488
305147924
344925188
344273924
306200592
352897028
306434052
306335756
305250320
344417284
353040388
306208776
306389016
306331676
306270220
306278404
306307100
306188304
352891908
305192968
305229848
306225184
344938500
344945668
306356228
305172496
306274312
306311192
305143836
306192396
306229276
344626180
353248260
344684548
344860676
306253840
344209412
306253856
306188308
306290720
305209372
344352772
305229852
305213468
353301508
305279000
306196488
344496132
304168980
306233368
344404996
306270224
306339848
344639492
305274912
306208780
306257932
305139728
306294812
305295368
306401292
305168388
344926212
306315296
352917508
306200580
344835076
306356256
305242124
344418308
305279004
305160208
344327172
344228868
305197088
306221080
305303568
344470532
304119820
306409476
305184772
353003524
306360348
353236996
305246216
353145860
352618500
305283096
305164300
352729092
305143840
353289220
306421792
305192964
306262044
344623108
306200600
344392708
306327560
306335764
344651780
344536068
305225744
344770564
305287188
306225180
305295372
305233928
306188292
344822788
305303556
306442248
305147920
344589316
306286616
305291280
352752644
305209364
306311180
352990212
305315844
344836100
344823812
306221072
306372624
352716804
344852484
306253828
353276932
352884740
306290708
344237060
305147936
352769028
344732676
306200604
306315272
344614916
306352152
305250336
305287192
306233356
353227780
305238020
306274324
353055748
306278416
305192984
306188320
306216972
305299464
344810500
306417672
305217548
344393732
306319364
306225156
344224772
306192412
353069060
305197076
305315872
306298892
352977924
353212420
344564740
304119824
353121284
306360336
344315908
353264644
352777220
306278420
352613380
306360324
306196504
352888836
352756740
306221064
352991236
306266144
306397204
304123916
306270236
306257948
344745988
306274328
306364428
344654852
306401308
344889348
306409492
306282512
344238084
305287176
353186820
305233936
306307080
305205260
344381444
306417676
306307076
344941572
344290308
306421768
306262040
306229252
305266704
305147908
353056772
352965636
306204688
305246232
352760836
306348048
306266132
344355844
306290696
344590340
306327576
344307716
306434056
305250324
306348060
305291292
344368132
353265668
352614404
305164312
305274888
344683524
306307104
306413588
306413584
306294788
344929284
306352144
305176588
344421380
305311752
344655876
306393112
306298884
305180684
305278980
305233944
344942596
344245252
305295388
305176592
352732164
344204292
306278408
306315288
306196492
344884228
306233372
353159172
306339852
344912900
353253380
305291296
305262600
344773636
306278428
305299480
306294816
306384912
344356868
305168408
306282500
344916996
306368516
304123924
306200584
306376724
306356240
305242128
344347652
306397188
353032196
306294796
305279008
344552452
305184776
305266692
305303572
306237444
306405388
305152004
353318916
306323472
305139740
344839172
306360352
305180680
305246220
305283100
306323480
305164304
344331268
353031172
306266120
344565764
306266116
305307664
305188868
306327564
353006596
306364444
353241092
344250372
305250312
353014788
305229856
352733188
306282524
353043460
306442256
305311756
353220612
305303576
344396804
305307668
353019908
306294800
306348044
306286620
305184780
353277956
306393100
353072132
305254408
344918020
353306628
352655364
306241540
306192388
353215492
306237456
304132116
306348064
344868868
305270812
305152016
344318980
306253832
352942084
306290712
305160204
344908804
306397192
306315276
352994308
344840196
305238024
353137668
305139724
306204676
305156108
352720900
344909828
306294804
306413600
305168416
306417692
352773124
353007620
306356248
344527876
305311764
306274332
306389024
306298896
353059844
306192416
344905732
306434060
344814596
306438152
306348036
305221644
306442244
306323460
