303042564
303042568
303042572
303042576
303042580
303042588
303042592
303046660
303046664
303046668
303046672
303046676
303046680
303046684
303046688
303050760
303050764
303050768
303050772
303050776
303050784
303054852
303054856
303054860
303054864
303054868
303054872
303054876
303054880
303058948
303058952
303058956
303058960
303058964
303058968
303058972
303058976
303063044
303063048
303063052
303063056
303063060
303063064
303063068
303063072
303067140
303067144
303067148
303067152
303067156
303067160
303067164
303067168
303071236
303071240
303071244
303071248
303071252
303071256
303071260
303071264
303075332
303075336
303075340
303075348
303075352
303075356
303075360
303079428
303079432
303079436
303079440
303079444
303079448
303079452
303079456
303083524
303083528
303083532
303083536
303083540
303083544
303083548
303083552
303087620
303087624
303087628
303087632
303087636
303087640
303087644
303087648
304091140
304091144
304091156
304095236
304095240
304095264
304099332
304099336
304099340
304099352
304103428
304103444
304103448
304103456
304107524
304107536
304107548
304111620
304111624
304111628
304111632
304111636
304111640
304111644
304111648
304115716
304115724
304115732
304115736
304115740
304115744
304119812
304119828
304119832
304123936
304128004
304128012
304128020
304128032
304132100
304132104
304132112
304132124
304132128
304136196
304136216
304136220
304136224
304140292
304140296
304140300
304140304
304140308
304140312
304140316
304140320
304144388
304144392
304144396
304144404
304144408
304144412
304144416
304148484
304148488
304148504
304148508
304148512
304152580
304152584
304152588
304152604
304152608
304156676
304156680
304156688
304156696
304160772
304160776
304160780
304160784
304160788
304160792
304160796
304160800
304164868
304164872
304164884
304164896
304168988
304168992
304173060
304173064
304173072
304173084
304177156
304177180
304177184
304181252
304181272
304181276
304181280
304185352
304185360
304185372
304185376
304189444
304189448
304189456
304189464
304189468
304189472
304193540
304193544
304193560
304193564
304193568
304197636
304197648
304197660
304201732
304201736
304201740
304201756
304201760
305139736
305139744
305143816
305143820
305143828
305147928
305147932
305152012
305152020
305152024
305152028
305152032
305156104
305156116
305156120
305156124
305156128
305160200
305160212
305160216
305160220
305160224
305164316
305164320
305168392
305168396
305168412
305172492
305176596
305176600
305176604
305176608
305180676
305180688
305180692
305180696
305180700
305180704
305184784
305184796
305188872
305188888
305188892
305188896
305192976
305192980
305192988
305192992
305197068
305197084
305201156
305201176
305201180
305205256
305205264
305205272
305205280
305209348
305209368
305209376
305213444
305213464
305213472
305217552
305217556
305217560
305217564
305217568
305221640
305221652
305221656
305221660
305221664
305225748
305225752
305225756
305225760
305229836
305229840
305233924
305233940
305238036
305238048
305242136
305254420
305258512
305258516
305262596
305262608
305266696
305266712
305266716
305266720
305270788
305270796
305274884
305278996
305283076
305283092
305287172
305287180
305291268
305291272
305291276
305291288
305295384
305299468
305299484
305303584
305307680
305311748
305315852
305315856
305315868
306188296
306192400
306196512
306200608
306208792
306212876
306212880
306212892
306216964
306216980
306216984
306216988
306216992
306225160
306225172
306229260
306229272
306233352
306237460
306237464
306237468
306237472
306241544
306241548
306241556
306241560
306241564
306241568
306245636
306245644
306245652
306245656
306245660
306245664
306249732
306249748
306249752
306249756
306249760
306253844
306257952
306262028
306270228
306270240
306278432
306282508
306282528
306290704
306298900
306298904
306298908
306302980
306302996
306307096
306311172
306311184
306319368
306319372
306319388
306319392
306323468
306323484
306331656
306331664
306335748
306335772
306335776
306339868
306348040
306352132
306352136
306360332
306360344
306384904
306384928
306389004
306393108
306397196
306401300
306405396
306409480
306409484
306409500
306413580
306417688
306421780
306425860
306425864
306425884
306425888
306429964
306429976
306434068
306434072
306434076
306434080
306438148
306438156
306442252
306442260
306442264
306442268
306442272
306446356
306446360
306446364
306446368
344208388
344213508
344221700
344225796
344241156
344249348
344253444
344262660
344265732
344266756
344270852
344279044
344282116
344291332
344295428
344298500
344302596
344314884
344320004
344328196
344335364
344339460
344340484
344365060
344376324
344380420
344384516
344397828
344401924
344406020
344409092
344462340
344463364
344471556
344474628
344475652
344478724
344479748
344482820
344483844
344495108
344500228
344508420
344512516
344515588
344520708
344532996
344537092
344540164
344541188
344545284
344548356
344549380
344553476
344556548
344560644
344561668
344568836
344569860
344572932
344573956
344577028
344578052
344581124
344582148
344585220
344586244
344602628
344609796
344613892
344630276
344642564
344646660
344647684
344667140
344668164
344687620
344688644
344729604
344736772
344741892
344744964
344750084
344757252
344766468
344777732
344778756
344781828
344782852
344785924
344786948
344790020
344791044
344794116
344795140
344798212
344799236
344802308
344803332
344806404
344843268
344848388
344855556
344863748
344872964
344877060
344881156
344896516
344900612
344904708
344922116
344933380
352588804
352589828
352592900
352593924
352596996
352601092
352602116
352605188
352606212
352609284
352610308
352621572
352622596
352626692
352629764
352633860
352637956
352638980
352642052
352658436
352659460
352662532
352663556
352666628
352667652
352670724
352671748
352675844
352678916
352679940
352683012
352684036
352687108
352688132
352691204
352692228
352695300
352696324
352699396
352700420
352703492
352704516
352707588
352708612
352711684
352712708
352715780
352741380
352744452
352745476
352753668
352757764
352761860
352765956
352770052
352774148
352786436
352789508
352790532
352793604
352794628
352797700
352798724
352801796
352802820
352805892
352806916
352809988
352811012
352814084
352815108
352850948
352855044
352856068
352859140
352860164
352863236
352864260
352868356
352871428
352872452
352879620
352892932
352904196
352905220
352908292
352913412
352936964
352937988
352950276
352954372
352957444
352958468
352962564
352974852
352999428
353002500
353010692
353015812
353018884
353047556
353118212
353129476
353130500
353142788
353146884
353149956
353166340
353167364
353170436
353174532
353175556
353178628
353179652
353183748
353191940
353195012
353196036
353199108
353203204
353208324
353216516
353219588
353231876
353240068
353252356
353256452
353281028
353286148
353302532
353305604
353313796
353314820
353321988
353326084
353330180
353331204
353339396
