303050756
302056708
304115720
302122504
305172496
305172492
305172488
305172484
302121996
302121992
306212876
302121488
302196748
304189444
304185360
302196236
305283084
304181252
304177168
303054856
302056968
302123536
303054864
302190608
302190604
302190600
302190596
302124304
303063056
303067148
306319376
306319372
306319368
306319364
306323472
306323468
306323464
306323460
306327568
306327564
306327560
306327556
306331664
306331660
306331656
306331652
306343948
303071248
302194192
302194188
302194184
302194180
304173068
303050784
304115732
304115736
304115740
302122516
302122528
303042584
304095264
302121492
305147928
306425888
303054876
302056988
304119828
304119832
304119836
306262036
303058972
302190356
302190360
302190364
302190368
302191124
302191128
302191132
302191136
304140308
304140312
304140316
304140320
302124820
302124824
302124828
302124832
302191892
302191896
302191900
302191904
302192148
302192152
302192156
302192160
305217556
305217560
305217564
305217568
306380824
344921092
344270852
344929284
344672260
344668164
344664068
344659972
344568836
344564740
344556548
344552452
344798212
344950788
344794116
344946692
344942596
344938500
344848388
344729604
344819716
344802308
352711684
352707588
352703492
352699396
353076228
353068036
353063940
352872452
352868356
352864260
352859140
352855044
352850948
352941060
352633860
352637956
352642052
353174532
353178628
353240068
353244164
353248260
353252356
353170436
