302057476
302057496
302121488
302121492
302121732
302122248
302122500
302122768
302122780
302122784
302123024
302123036
302123292
302123296
302123780
302123800
302123804
302123808
302124036
302124040
302124292
302124296
302124300
302124304
302124308
302124548
302124552
302124556
302124560
302124812
302125848
302126084
302126344
302126364
302127136
302127876
302127888
302128156
302128388
302128392
302128416
302128644
302186768
302186776
302188552
302188820
302189332
302190868
302191112
302191388
302191648
302192412
302193164
302193424
302194184
302194192
302194200
302194440
302194716
302194968
302194972
302195220
302195224
302195228
302195232
302195476
302195480
302195484
302195488
302195732
302195736
302195740
302195744
302196000
302196996
302197536
344012048
344013072
344014096
344021252
344021256
344021260
344021264
344021508
344021512
344021516
344022276
344022280
344022284
344022288
344022532
344022536
344022540
344023300
344023304
344023308
344023312
344023556
344023560
344023564
344071692
344074764
344080644
344080648
344080652
344080656
344082692
344082696
344082700
344082704
352395524
352395528
352395784
352395788
352396556
352396560
352398604
352398608
352407044
352461320
352462084
352462088
352462092
352462096
352462348
352465164
352465168
