302056708
302056968
302056988
302121488
302121492
302121992
302121996
302122504
302122516
302122528
302123536
302124296
302124300
302124304
302124820
302124824
302124828
302124832
302190356
302190360
302190364
302190368
302190596
302190600
302190604
302190608
302191124
302191128
302191132
302191136
302191892
302191896
302191900
302191904
302192148
302192152
302192156
302192160
302194180
302194184
302194188
302194192
302196236
302196748
303042584
303050756
303050784
303054856
303054864
303054876
303058972
303063056
303063068
303067148
303071248
304095264
304115720
304115732
304115736
304115740
304119828
304119832
304119836
304140308
304140312
304140316
304140320
304173068
304177168
304181252
304185360
304189444
305147928
305172484
305172488
305172492
305172496
305217556
305217560
305217564
305217568
305283084
306212876
306262036
306290708
306290712
306290716
306290720
306319364
306319368
306319372
306319376
306323460
306323464
306323468
306323472
306327556
306327560
306327564
306327568
306331652
306331656
306331660
306331664
306339860
306339864
306339868
306339872
306343948
306368532
306368536
306368540
306368544
306380820
306380824
306380828
306380832
306425888
344270852
344531972
344532996
344536068
344537092
344540164
344541188
344552452
344556548
344564740
344568836
344606724
344610820
344614916
344619012
344659972
344664068
344668164
344672260
344729604
344794116
344798212
344802308
344819716
344848388
344921092
344929284
344938500
344942596
344946692
344950788
352633860
352637956
352642052
352699396
352703492
352707588
352711684
352732164
352736260
352744452
352748548
352850948
352855044
352859140
352864260
352868356
352872452
352941060
353063940
353068036
353076228
353170436
353174532
353178628
353240068
353244164
353248260
353252356
