346035220
346035216
346035212
346035208
346035204
346035280
346035276
346035272
346035268
346035264
346035260
346035256
346035252
346035248
346035244
346035240
346035236
346035232
346035228
346035224
346039328
346039324
346039320
346039316
346039312
346039308
346039304
346039300
346039424
346039420
346039416
346039412
346039408
346039404
346039400
346039396
346039392
346039388
346039384
346039380
346039376
346039372
346039368
346039364
346039360
346039356
346039352
346039348
346039344
346039340
346039336
346039332
346043416
346043412
346043408
346043404
346043400
346043396
346043488
346043484
346043480
346043476
346043472
346043468
346043464
346043460
346043456
346043452
346043448
346043444
346043440
346043436
346043432
346043428
346043424
346043420
346047520
346047516
346047512
346047508
346047504
346047500
346047496
346047492
346047616
346047612
346047608
346047604
346047600
346047596
346047592
346047588
346047584
346047580
346047576
346047572
346047568
346047564
346047560
346047556
346047552
346047548
346047544
346047540
346047536
346047532
346047528
346047524
345773076
345773072
345773068
345773064
345773060
345773136
345773132
345773128
345773124
345773120
345773116
345773112
345773108
345773104
345773100
345773096
345773092
345773088
345773084
345773080
345777184
345777180
345777176
345777172
345777168
345777164
345777160
345777156
345777280
345777276
345777272
345777268
345777264
345777260
345777256
345777252
345777248
345777244
345777240
345777236
345777232
345777228
345777224
345777220
345777216
345777212
345777208
345777204
345777200
345777196
345777192
345777188
345781272
345781268
345781264
345781260
345781256
345781252
345781344
345781340
345781336
345781332
345781328
345781324
345781320
345781316
345781312
345781308
345781304
345781300
345781296
345781292
345781288
345781284
345781280
345781276
345785376
345785372
345785368
345785364
345785360
345785356
345785352
345785348
345785472
345785468
345785464
345785460
345785456
345785452
345785448
345785444
345785440
345785436
345785432
345785428
345785424
345785420
345785416
345785412
345785408
345785404
345785400
345785396
345785392
345785388
345785384
345785380
345510932
345510928
345510924
345510920
345510916
345510992
345510988
345510984
345510980
345510976
345510972
345510968
345510964
345510960
345510956
345510952
345510948
345510944
345510940
345510936
345515040
345515036
345515032
345515028
345515024
345515020
345515016
345515012
345515136
345515132
345515128
345515124
345515120
345515116
345515112
345515108
345515104
345515100
345515096
345515092
345515088
345515084
345515080
345515076
345515072
345515068
345515064
345515060
345515056
345515052
345515048
345515044
345519128
345519124
345519120
345519116
345519112
345519108
345519200
345519196
345519192
345519188
345519184
345519180
345519176
345519172
345519168
345519164
345519160
345519156
345519152
345519148
345519144
345519140
345519136
345519132
345523232
345523228
345523224
345523220
345523216
345523212
345523208
345523204
345523328
345523324
345523320
345523316
345523312
345523308
345523304
345523300
345523296
345523292
345523288
345523284
345523280
345523276
345523272
345523268
345523264
345523260
345523256
345523252
345523248
345523244
345523240
345523236
345248788
345248784
345248780
345248776
345248772
345248848
345248844
345248840
345248836
345248832
345248828
345248824
345248820
345248816
345248812
345248808
345248804
345248800
345248796
345248792
345252896
345252892
345252888
345252884
345252880
345252876
345252872
345252868
345252992
345252988
345252984
345252980
345252976
345252972
345252968
345252964
345252960
345252956
345252952
345252948
345252944
345252940
345252936
345252932
345252928
345252924
345252920
345252916
345252912
345252908
345252904
345252900
345256984
345256980
345256976
345256972
345256968
345256964
345257056
345257052
345257048
345257044
345257040
345257036
345257032
345257028
345257024
345257020
345257016
345257012
345257008
345257004
345257000
345256996
345256992
345256988
345261088
345261084
345261080
345261076
345261072
345261068
345261064
345261060
345261184
345261180
345261176
345261172
345261168
345261164
345261160
345261156
345261152
345261148
345261144
345261140
345261136
345261132
345261128
345261124
345261120
345261116
345261112
345261108
345261104
345261100
345261096
345261092
344986644
344986640
344986636
344986632
344986628
344986704
344986700
344986696
344986692
344986688
344986684
344986680
344986676
344986672
344986668
344986664
344986660
344986656
344986652
344986648
344990752
344990748
344990744
344990740
344990736
344990732
344990728
344990724
344990848
344990844
344990840
344990836
344990832
344990828
344990824
344990820
344990816
344990812
344990808
344990804
344990800
344990796
344990792
344990788
344990784
344990780
344990776
344990772
344990768
344990764
344990760
344990756
344994840
344994836
344994832
344994828
344994824
344994820
344994912
344994908
344994904
344994900
344994896
344994892
344994888
344994884
344994880
344994876
344994872
344994868
344994864
344994860
344994856
344994852
344994848
344994844
344998944
344998940
344998936
344998932
344998928
344998924
344998920
344998916
344999040
344999036
344999032
344999028
344999024
344999020
344999016
344999012
344999008
344999004
344999000
344998996
344998992
344998988
344998984
344998980
344998976
344998972
344998968
344998964
344998960
344998956
344998952
344998948
344724500
344724496
344724492
344724488
344724484
344724560
344724556
344724552
344724548
344724544
344724540
344724536
344724532
344724528
344724524
344724520
344724516
344724512
344724508
344724504
344728608
344728604
344728600
344728596
344728592
344728588
344728584
344728580
344728704
344728700
344728696
344728692
344728688
344728684
344728680
344728676
344728672
344728668
344728664
344728660
344728656
344728652
344728648
344728644
344728640
344728636
344728632
344728628
344728624
344728620
344728616
344728612
344732696
344732692
344732688
344732684
344732680
344732676
344732768
344732764
344732760
344732756
344732752
344732748
344732744
344732740
344732736
344732732
344732728
344732724
344732720
344732716
344732712
344732708
344732704
344732700
344736800
344736796
344736792
344736788
344736784
344736780
344736776
344736772
344736896
344736892
344736888
344736884
344736880
344736876
344736872
344736868
344736864
344736860
344736856
344736852
344736848
344736844
344736840
344736836
344736832
344736828
344736824
344736820
344736816
344736812
344736808
344736804
344462356
344462352
344462348
344462344
344462340
344462416
344462412
344462408
344462404
344462400
344462396
344462392
344462388
344462384
344462380
344462376
344462372
344462368
344462364
344462360
344466464
344466460
344466456
344466452
344466448
344466444
344466440
344466436
344466560
344466556
344466552
344466548
344466544
344466540
344466536
344466532
344466528
344466524
344466520
344466516
344466512
344466508
344466504
344466500
344466496
344466492
344466488
344466484
344466480
344466476
344466472
344466468
344470552
344470548
344470544
344470540
344470536
344470532
344470624
344470620
344470616
344470612
344470608
344470604
344470600
344470596
344470592
344470588
344470584
344470580
344470576
344470572
344470568
344470564
344470560
344470556
344474656
344474652
344474648
344474644
344474640
344474636
344474632
344474628
344474752
344474748
344474744
344474740
344474736
344474732
344474728
344474724
344474720
344474716
344474712
344474708
344474704
344474700
344474696
344474692
344474688
344474684
344474680
344474676
344474672
344474668
344474664
344474660
344200212
344200208
344200204
344200200
344200196
344200272
344200268
344200264
344200260
344200256
344200252
344200248
344200244
344200240
344200236
344200232
344200228
344200224
344200220
344200216
344204320
344204316
344204312
344204308
344204304
344204300
344204296
344204292
344204416
344204412
344204408
344204404
344204400
344204396
344204392
344204388
344204384
344204380
344204376
344204372
344204368
344204364
344204360
344204356
344204352
344204348
344204344
344204340
344204336
344204332
344204328
344204324
344208408
344208404
344208400
344208396
344208392
344208388
344208480
344208476
344208472
344208468
344208464
344208460
344208456
344208452
344208448
344208444
344208440
344208436
344208432
344208428
344208424
344208420
344208416
344208412
344212512
344212508
344212504
344212500
344212496
344212492
344212488
344212484
344212608
344212604
344212600
344212596
344212592
344212588
344212584
344212580
344212576
344212572
344212568
344212564
344212560
344212556
344212552
344212548
344212544
344212540
344212536
344212532
344212528
344212524
344212520
344212516
352588824
352588828
352588832
352588836
352588840
352588844
352588848
352588852
352588856
352588860
352588864
352588868
352588872
352588876
352588880
352588804
352588808
352588812
352588816
352588820
352592932
352592936
352592940
352592944
352592948
352592952
352592956
352592960
352592964
352592968
352592972
352592976
352592980
352592984
352592988
352592992
352592996
352593000
352593004
352593008
352593012
352593016
352593020
352593024
352592900
352592904
352592908
352592912
352592916
352592920
352592924
352592928
352597020
352597024
352597028
352597032
352597036
352597040
352597044
352597048
352597052
352597056
352597060
352597064
352597068
352597072
352597076
352597080
352597084
352597088
352596996
352597000
352597004
352597008
352597012
352597016
352601124
352601128
352601132
352601136
352601140
352601144
352601148
352601152
352601156
352601160
352601164
352601168
352601172
352601176
352601180
352601184
352601188
352601192
352601196
352601200
352601204
352601208
352601212
352601216
352601092
352601096
352601100
352601104
352601108
352601112
352601116
352601120
352850968
352850972
352850976
352850980
352850984
352850988
352850992
352850996
352851000
352851004
352851008
352851012
352851016
352851020
352851024
352850948
352850952
352850956
352850960
352850964
352855076
352855080
352855084
352855088
352855092
352855096
352855100
352855104
352855108
352855112
352855116
352855120
352855124
352855128
352855132
352855136
352855140
352855144
352855148
352855152
352855156
352855160
352855164
352855168
352855044
352855048
352855052
352855056
352855060
352855064
352855068
352855072
352859164
352859168
352859172
352859176
352859180
352859184
352859188
352859192
352859196
352859200
352859204
352859208
352859212
352859216
352859220
352859224
352859228
352859232
352859140
352859144
352859148
352859152
352859156
352859160
352863268
352863272
352863276
352863280
352863284
352863288
352863292
352863296
352863300
352863304
352863308
352863312
352863316
352863320
352863324
352863328
352863332
352863336
352863340
352863344
352863348
352863352
352863356
352863360
352863236
352863240
352863244
352863248
352863252
352863256
352863260
352863264
353113112
353113116
353113120
353113124
353113128
353113132
353113136
353113140
353113144
353113148
353113152
353113156
353113160
353113164
353113168
353113092
353113096
353113100
353113104
353113108
353117220
353117224
353117228
353117232
353117236
353117240
353117244
353117248
353117252
353117256
353117260
353117264
353117268
353117272
353117276
353117280
353117284
353117288
353117292
353117296
353117300
353117304
353117308
353117312
353117188
353117192
353117196
353117200
353117204
353117208
353117212
353117216
353121308
353121312
353121316
353121320
353121324
353121328
353121332
353121336
353121340
353121344
353121348
353121352
353121356
353121360
353121364
353121368
353121372
353121376
353121284
353121288
353121292
353121296
353121300
353121304
353125412
353125416
353125420
353125424
353125428
353125432
353125436
353125440
353125444
353125448
353125452
353125456
353125460
353125464
353125468
353125472
353125476
353125480
353125484
353125488
353125492
353125496
353125500
353125504
353125380
353125384
353125388
353125392
353125396
353125400
353125404
353125408
353375256
353375260
353375264
353375268
353375272
353375276
353375280
353375284
353375288
353375292
353375296
353375300
353375304
353375308
353375312
353375236
353375240
353375244
353375248
353375252
353379364
353379368
353379372
353379376
353379380
353379384
353379388
353379392
353379396
353379400
353379404
353379408
353379412
353379416
353379420
353379424
353379428
353379432
353379436
353379440
353379444
353379448
353379452
353379456
353379332
353379336
353379340
353379344
353379348
353379352
353379356
353379360
353383452
353383456
353383460
353383464
353383468
353383472
353383476
353383480
353383484
353383488
353383492
353383496
353383500
353383504
353383508
353383512
353383516
353383520
353383428
353383432
353383436
353383440
353383444
353383448
353387556
353387560
353387564
353387568
353387572
353387576
353387580
353387584
353387588
353387592
353387596
353387600
353387604
353387608
353387612
353387616
353387620
353387624
353387628
353387632
353387636
353387640
353387644
353387648
353387524
353387528
353387532
353387536
353387540
353387544
353387548
353387552
353637400
353637404
353637408
353637412
353637416
353637420
353637424
353637428
353637432
353637436
353637440
353637444
353637448
353637452
353637456
353637380
353637384
353637388
353637392
353637396
353641508
353641512
353641516
353641520
353641524
353641528
353641532
353641536
353641540
353641544
353641548
353641552
353641556
353641560
353641564
353641568
353641572
353641576
353641580
353641584
353641588
353641592
353641596
353641600
353641476
353641480
353641484
353641488
353641492
353641496
353641500
353641504
353645596
353645600
353645604
353645608
353645612
353645616
353645620
353645624
353645628
353645632
353645636
353645640
353645644
353645648
353645652
353645656
353645660
353645664
353645572
353645576
353645580
353645584
353645588
353645592
353649700
353649704
353649708
353649712
353649716
353649720
353649724
353649728
353649732
353649736
353649740
353649744
353649748
353649752
353649756
353649760
353649764
353649768
353649772
353649776
353649780
353649784
353649788
353649792
353649668
353649672
353649676
353649680
353649684
353649688
353649692
353649696
353899544
353899548
353899552
353899556
353899560
353899564
353899568
353899572
353899576
353899580
353899584
353899588
353899592
353899596
353899600
353899524
353899528
353899532
353899536
353899540
353903652
353903656
353903660
353903664
353903668
353903672
353903676
353903680
353903684
353903688
353903692
353903696
353903700
353903704
353903708
353903712
353903716
353903720
353903724
353903728
353903732
353903736
353903740
353903744
353903620
353903624
353903628
353903632
353903636
353903640
353903644
353903648
353907740
353907744
353907748
353907752
353907756
353907760
353907764
353907768
353907772
353907776
353907780
353907784
353907788
353907792
353907796
353907800
353907804
353907808
353907716
353907720
353907724
353907728
353907732
353907736
353911844
353911848
353911852
353911856
353911860
353911864
353911868
353911872
353911876
353911880
353911884
353911888
353911892
353911896
353911900
353911904
353911908
353911912
353911916
353911920
353911924
353911928
353911932
353911936
353911812
353911816
353911820
353911824
353911828
353911832
353911836
353911840
354161688
354161692
354161696
354161700
354161704
354161708
354161712
354161716
354161720
354161724
354161728
354161732
354161736
354161740
354161744
354161668
354161672
354161676
354161680
354161684
354165796
354165800
354165804
354165808
354165812
354165816
354165820
354165824
354165828
354165832
354165836
354165840
354165844
354165848
354165852
354165856
354165860
354165864
354165868
354165872
354165876
354165880
354165884
354165888
354165764
354165768
354165772
354165776
354165780
354165784
354165788
354165792
354169884
354169888
354169892
354169896
354169900
354169904
354169908
354169912
354169916
354169920
354169924
354169928
354169932
354169936
354169940
354169944
354169948
354169952
354169860
354169864
354169868
354169872
354169876
354169880
354173988
354173992
354173996
354174000
354174004
354174008
354174012
354174016
354174020
354174024
354174028
354174032
354174036
354174040
354174044
354174048
354174052
354174056
354174060
354174064
354174068
354174072
354174076
354174080
354173956
354173960
354173964
354173968
354173972
354173976
354173980
354173984
354423832
354423836
354423840
354423844
354423848
354423852
354423856
354423860
354423864
354423868
354423872
354423876
354423880
354423884
354423888
354423812
354423816
354423820
354423824
354423828
354427940
354427944
354427948
354427952
354427956
354427960
354427964
354427968
354427972
354427976
354427980
354427984
354427988
354427992
354427996
354428000
354428004
354428008
354428012
354428016
354428020
354428024
354428028
354428032
354427908
354427912
354427916
354427920
354427924
354427928
354427932
354427936
354432028
354432032
354432036
354432040
354432044
354432048
354432052
354432056
354432060
354432064
354432068
354432072
354432076
354432080
354432084
354432088
354432092
354432096
354432004
354432008
354432012
354432016
354432020
354432024
354436132
354436136
354436140
354436144
354436148
354436152
354436156
354436160
354436164
354436168
354436172
354436176
354436180
354436184
354436188
354436192
354436196
354436200
354436204
354436208
354436212
354436216
354436220
354436224
354436100
354436104
354436108
354436112
354436116
354436120
354436124
354436128
347083816
347083812
347083808
347083804
347083800
347083796
347083792
347083788
347083784
347083780
347083936
347083932
347083928
347083924
347083920
347083916
347083912
347083908
347083904
347083900
347083896
347083892
347083888
347083884
347083880
347083876
347083872
347083868
347083864
347083860
347083856
347083852
347083848
347083844
347083840
347083836
347083832
347083828
347083824
347083820
347087928
347087924
347087920
347087916
347087912
347087908
347087904
347087900
347087896
347087892
347087888
347087884
347087880
347087876
347088096
347088092
347088088
347088084
347088080
347088076
347088072
347088068
347088064
347088060
347088056
347088052
347088048
347088044
347088040
347088036
347088032
347088028
347088024
347088020
347088016
347088012
347088008
347088004
347088000
347087996
347087992
347087988
347087984
347087980
347087976
347087972
347087968
347087964
347087960
347087956
347087952
347087948
347087944
347087940
347087936
347087932
347092004
347092000
347091996
347091992
347091988
347091984
347091980
347091976
347091972
347092112
347092108
347092104
347092100
347092096
347092092
347092088
347092084
347092080
347092076
347092072
347092068
347092064
347092060
347092056
347092052
347092048
347092044
347092040
347092036
347092032
347092028
347092024
347092020
347092016
347092012
347092008
347096104
347096100
347096096
347096092
347096088
347096084
347096080
347096076
347096072
347096068
347096224
347096220
347096216
347096212
347096208
347096204
347096200
347096196
347096192
347096188
347096184
347096180
347096176
347096172
347096168
347096164
347096160
347096156
347096152
347096148
347096144
347096140
347096136
347096132
347096128
347096124
347096120
347096116
347096112
347096108
347100208
347100204
347100200
347100196
347100192
347100188
347100184
347100180
347100176
347100172
347100168
347100164
347100352
347100348
347100344
347100340
347100336
347100332
347100328
347100324
347100320
347100316
347100312
347100308
347100304
347100300
347100296
347100292
347100288
347100284
347100280
347100276
347100272
347100268
347100264
347100260
347100256
347100252
347100248
347100244
347100240
347100236
347100232
347100228
347100224
347100220
347100216
347100212
346821672
346821668
346821664
346821660
346821656
346821652
346821648
346821644
346821640
346821636
346821792
346821788
346821784
346821780
346821776
346821772
346821768
346821764
346821760
346821756
346821752
346821748
346821744
346821740
346821736
346821732
346821728
346821724
346821720
346821716
346821712
346821708
346821704
346821700
346821696
346821692
346821688
346821684
346821680
346821676
346825784
346825780
346825776
346825772
346825768
346825764
346825760
346825756
346825752
346825748
346825744
346825740
346825736
346825732
346825952
346825948
346825944
346825940
346825936
346825932
346825928
346825924
346825920
346825916
346825912
346825908
346825904
346825900
346825896
346825892
346825888
346825884
346825880
346825876
346825872
346825868
346825864
346825860
346825856
346825852
346825848
346825844
346825840
346825836
346825832
346825828
346825824
346825820
346825816
346825812
346825808
346825804
346825800
346825796
346825792
346825788
346829860
346829856
346829852
346829848
346829844
346829840
346829836
346829832
346829828
346829968
346829964
346829960
346829956
346829952
346829948
346829944
346829940
346829936
346829932
346829928
346829924
346829920
346829916
346829912
346829908
346829904
346829900
346829896
346829892
346829888
346829884
346829880
346829876
346829872
346829868
346829864
346833960
346833956
346833952
346833948
346833944
346833940
346833936
346833932
346833928
346833924
346834080
346834076
346834072
346834068
346834064
346834060
346834056
346834052
346834048
346834044
346834040
346834036
346834032
346834028
346834024
346834020
346834016
346834012
346834008
346834004
346834000
346833996
346833992
346833988
346833984
346833980
346833976
346833972
346833968
346833964
346838064
346838060
346838056
346838052
346838048
346838044
346838040
346838036
346838032
346838028
346838024
346838020
346838208
346838204
346838200
346838196
346838192
346838188
346838184
346838180
346838176
346838172
346838168
346838164
346838160
346838156
346838152
346838148
346838144
346838140
346838136
346838132
346838128
346838124
346838120
346838116
346838112
346838108
346838104
346838100
346838096
346838092
346838088
346838084
346838080
346838076
346838072
346838068
346559528
346559524
346559520
346559516
346559512
346559508
346559504
346559500
346559496
346559492
346559648
346559644
346559640
346559636
346559632
346559628
346559624
346559620
346559616
346559612
346559608
346559604
346559600
346559596
346559592
346559588
346559584
346559580
346559576
346559572
346559568
346559564
346559560
346559556
346559552
346559548
346559544
346559540
346559536
346559532
346563640
346563636
346563632
346563628
346563624
346563620
346563616
346563612
346563608
346563604
346563600
346563596
346563592
346563588
346563808
346563804
346563800
346563796
346563792
346563788
346563784
346563780
346563776
346563772
346563768
346563764
346563760
346563756
346563752
346563748
346563744
346563740
346563736
346563732
346563728
346563724
346563720
346563716
346563712
346563708
346563704
346563700
346563696
346563692
346563688
346563684
346563680
346563676
346563672
346563668
346563664
346563660
346563656
346563652
346563648
346563644
346567716
346567712
346567708
346567704
346567700
346567696
346567692
346567688
346567684
346567824
346567820
346567816
346567812
346567808
346567804
346567800
346567796
346567792
346567788
346567784
346567780
346567776
346567772
346567768
346567764
346567760
346567756
346567752
346567748
346567744
346567740
346567736
346567732
346567728
346567724
346567720
346571816
346571812
346571808
346571804
346571800
346571796
346571792
346571788
346571784
346571780
346571936
346571932
346571928
346571924
346571920
346571916
346571912
346571908
346571904
346571900
346571896
346571892
346571888
346571884
346571880
346571876
346571872
346571868
346571864
346571860
346571856
346571852
346571848
346571844
346571840
346571836
346571832
346571828
346571824
346571820
346575920
346575916
346575912
346575908
346575904
346575900
346575896
346575892
346575888
346575884
346575880
346575876
346576064
346576060
346576056
346576052
346576048
346576044
346576040
346576036
346576032
346576028
346576024
346576020
346576016
346576012
346576008
346576004
346576000
346575996
346575992
346575988
346575984
346575980
346575976
346575972
346575968
346575964
346575960
346575956
346575952
346575948
346575944
346575940
346575936
346575932
346575928
346575924
346297384
346297380
346297376
346297372
346297368
346297364
346297360
346297356
346297352
346297348
346297504
346297500
346297496
346297492
346297488
346297484
346297480
346297476
346297472
346297468
346297464
346297460
346297456
346297452
346297448
346297444
346297440
346297436
346297432
346297428
346297424
346297420
346297416
346297412
346297408
346297404
346297400
346297396
346297392
346297388
346301496
346301492
346301488
346301484
346301480
346301476
346301472
346301468
346301464
346301460
346301456
346301452
346301448
346301444
346301664
346301660
346301656
346301652
346301648
346301644
346301640
346301636
346301632
346301628
346301624
346301620
346301616
346301612
346301608
346301604
346301600
346301596
346301592
346301588
346301584
346301580
346301576
346301572
346301568
346301564
346301560
346301556
346301552
346301548
346301544
346301540
346301536
346301532
346301528
346301524
346301520
346301516
346301512
346301508
346301504
346301500
346305572
346305568
346305564
346305560
346305556
346305552
346305548
346305544
346305540
346305680
346305676
346305672
346305668
346305664
346305660
346305656
346305652
346305648
346305644
346305640
346305636
346305632
346305628
346305624
346305620
346305616
346305612
346305608
346305604
346305600
346305596
346305592
346305588
346305584
346305580
346305576
346309672
346309668
346309664
346309660
346309656
346309652
346309648
346309644
346309640
346309636
346309792
346309788
346309784
346309780
346309776
346309772
346309768
346309764
346309760
346309756
346309752
346309748
346309744
346309740
346309736
346309732
346309728
346309724
346309720
346309716
346309712
346309708
346309704
346309700
346309696
346309692
346309688
346309684
346309680
346309676
346313776
346313772
346313768
346313764
346313760
346313756
346313752
346313748
346313744
346313740
346313736
346313732
346313920
346313916
346313912
346313908
346313904
346313900
346313896
346313892
346313888
346313884
346313880
346313876
346313872
346313868
346313864
346313860
346313856
346313852
346313848
346313844
346313840
346313836
346313832
346313828
346313824
346313820
346313816
346313812
346313808
346313804
346313800
346313796
346313792
346313788
346313784
346313780
354685996
354686000
354686004
354686008
354686012
354686016
354686020
354686024
354686028
354686032
354686036
354686040
354686044
354686048
354686052
354686056
354686060
354686064
354686068
354686072
354686076
354686080
354686084
354686088
354686092
354686096
354686100
354686104
354686108
354686112
354685956
354685960
354685964
354685968
354685972
354685976
354685980
354685984
354685988
354685992
354690108
354690112
354690116
354690120
354690124
354690128
354690132
354690136
354690140
354690144
354690148
354690152
354690156
354690160
354690164
354690168
354690172
354690176
354690180
354690184
354690188
354690192
354690196
354690200
354690204
354690208
354690212
354690216
354690220
354690224
354690228
354690232
354690236
354690240
354690244
354690248
354690252
354690256
354690260
354690264
354690268
354690272
354690052
354690056
354690060
354690064
354690068
354690072
354690076
354690080
354690084
354690088
354690092
354690096
354690100
354690104
354694184
354694188
354694192
354694196
354694200
354694204
354694208
354694212
354694216
354694220
354694224
354694228
354694232
354694236
354694240
354694244
354694248
354694252
354694256
354694260
354694264
354694268
354694272
354694276
354694280
354694284
354694288
354694148
354694152
354694156
354694160
354694164
354694168
354694172
354694176
354694180
354698284
354698288
354698292
354698296
354698300
354698304
354698308
354698312
354698316
354698320
354698324
354698328
354698332
354698336
354698340
354698344
354698348
354698352
354698356
354698360
354698364
354698368
354698372
354698376
354698380
354698384
354698388
354698392
354698396
354698400
354698244
354698248
354698252
354698256
354698260
354698264
354698268
354698272
354698276
354698280
354702388
354702392
354702396
354702400
354702404
354702408
354702412
354702416
354702420
354702424
354702428
354702432
354702436
354702440
354702444
354702448
354702452
354702456
354702460
354702464
354702468
354702472
354702476
354702480
354702484
354702488
354702492
354702496
354702500
354702504
354702508
354702512
354702516
354702520
354702524
354702528
354702340
354702344
354702348
354702352
354702356
354702360
354702364
354702368
354702372
354702376
354702380
354702384
354948140
354948144
354948148
354948152
354948156
354948160
354948164
354948168
354948172
354948176
354948180
354948184
354948188
354948192
354948196
354948200
354948204
354948208
354948212
354948216
354948220
354948224
354948228
354948232
354948236
354948240
354948244
354948248
354948252
354948256
354948100
354948104
354948108
354948112
354948116
354948120
354948124
354948128
354948132
354948136
354952252
354952256
354952260
354952264
354952268
354952272
354952276
354952280
354952284
354952288
354952292
354952296
354952300
354952304
354952308
354952312
354952316
354952320
354952324
354952328
354952332
354952336
354952340
354952344
354952348
354952352
354952356
354952360
354952364
354952368
354952372
354952376
354952380
354952384
354952388
354952392
354952396
354952400
354952404
354952408
354952412
354952416
354952196
354952200
354952204
354952208
354952212
354952216
354952220
354952224
354952228
354952232
354952236
354952240
354952244
354952248
354956328
354956332
354956336
354956340
354956344
354956348
354956352
354956356
354956360
354956364
354956368
354956372
354956376
354956380
354956384
354956388
354956392
354956396
354956400
354956404
354956408
354956412
354956416
354956420
354956424
354956428
354956432
354956292
354956296
354956300
354956304
354956308
354956312
354956316
354956320
354956324
354960428
354960432
354960436
354960440
354960444
354960448
354960452
354960456
354960460
354960464
354960468
354960472
354960476
354960480
354960484
354960488
354960492
354960496
354960500
354960504
354960508
354960512
354960516
354960520
354960524
354960528
354960532
354960536
354960540
354960544
354960388
354960392
354960396
354960400
354960404
354960408
354960412
354960416
354960420
354960424
354964532
354964536
354964540
354964544
354964548
354964552
354964556
354964560
354964564
354964568
354964572
354964576
354964580
354964584
354964588
354964592
354964596
354964600
354964604
354964608
354964612
354964616
354964620
354964624
354964628
354964632
354964636
354964640
354964644
354964648
354964652
354964656
354964660
354964664
354964668
354964672
354964484
354964488
354964492
354964496
354964500
354964504
354964508
354964512
354964516
354964520
354964524
354964528
355210284
355210288
355210292
355210296
355210300
355210304
355210308
355210312
355210316
355210320
355210324
355210328
355210332
355210336
355210340
355210344
355210348
355210352
355210356
355210360
355210364
355210368
355210372
355210376
355210380
355210384
355210388
355210392
355210396
355210400
355210244
355210248
355210252
355210256
355210260
355210264
355210268
355210272
355210276
355210280
355214396
355214400
355214404
355214408
355214412
355214416
355214420
355214424
355214428
355214432
355214436
355214440
355214444
355214448
355214452
355214456
355214460
355214464
355214468
355214472
355214476
355214480
355214484
355214488
355214492
355214496
355214500
355214504
355214508
355214512
355214516
355214520
355214524
355214528
355214532
355214536
355214540
355214544
355214548
355214552
355214556
355214560
355214340
355214344
355214348
355214352
355214356
355214360
355214364
355214368
355214372
355214376
355214380
355214384
355214388
355214392
355218472
355218476
355218480
355218484
355218488
355218492
355218496
355218500
355218504
355218508
355218512
355218516
355218520
355218524
355218528
355218532
355218536
355218540
355218544
355218548
355218552
355218556
355218560
355218564
355218568
355218572
355218576
355218436
355218440
355218444
355218448
355218452
355218456
355218460
355218464
355218468
355222572
355222576
355222580
355222584
355222588
355222592
355222596
355222600
355222604
355222608
355222612
355222616
355222620
355222624
355222628
355222632
355222636
355222640
355222644
355222648
355222652
355222656
355222660
355222664
355222668
355222672
355222676
355222680
355222684
355222688
355222532
355222536
355222540
355222544
355222548
355222552
355222556
355222560
355222564
355222568
355226676
355226680
355226684
355226688
355226692
355226696
355226700
355226704
355226708
355226712
355226716
355226720
355226724
355226728
355226732
355226736
355226740
355226744
355226748
355226752
355226756
355226760
355226764
355226768
355226772
355226776
355226780
355226784
355226788
355226792
355226796
355226800
355226804
355226808
355226812
355226816
355226628
355226632
355226636
355226640
355226644
355226648
355226652
355226656
355226660
355226664
355226668
355226672
355472428
355472432
355472436
355472440
355472444
355472448
355472452
355472456
355472460
355472464
355472468
355472472
355472476
355472480
355472484
355472488
355472492
355472496
355472500
355472504
355472508
355472512
355472516
355472520
355472524
355472528
355472532
355472536
355472540
355472544
355472388
355472392
355472396
355472400
355472404
355472408
355472412
355472416
355472420
355472424
355476540
355476544
355476548
355476552
355476556
355476560
355476564
355476568
355476572
355476576
355476580
355476584
355476588
355476592
355476596
355476600
355476604
355476608
355476612
355476616
355476620
355476624
355476628
355476632
355476636
355476640
355476644
355476648
355476652
355476656
355476660
355476664
355476668
355476672
355476676
355476680
355476684
355476688
355476692
355476696
355476700
355476704
355476484
355476488
355476492
355476496
355476500
355476504
355476508
355476512
355476516
355476520
355476524
355476528
355476532
355476536
355480616
355480620
355480624
355480628
355480632
355480636
355480640
355480644
355480648
355480652
355480656
355480660
355480664
355480668
355480672
355480676
355480680
355480684
355480688
355480692
355480696
355480700
355480704
355480708
355480712
355480716
355480720
355480580
355480584
355480588
355480592
355480596
355480600
355480604
355480608
355480612
355484716
355484720
355484724
355484728
355484732
355484736
355484740
355484744
355484748
355484752
355484756
355484760
355484764
355484768
355484772
355484776
355484780
355484784
355484788
355484792
355484796
355484800
355484804
355484808
355484812
355484816
355484820
355484824
355484828
355484832
355484676
355484680
355484684
355484688
355484692
355484696
355484700
355484704
355484708
355484712
355488820
355488824
355488828
355488832
355488836
355488840
355488844
355488848
355488852
355488856
355488860
355488864
355488868
355488872
355488876
355488880
355488884
355488888
355488892
355488896
355488900
355488904
355488908
355488912
355488916
355488920
355488924
355488928
355488932
355488936
355488940
355488944
355488948
355488952
355488956
355488960
355488772
355488776
355488780
355488784
355488788
355488792
355488796
355488800
355488804
355488808
355488812
355488816

