303054868
303054872
303054876
303054880
303054884
303054864
303054860
303054856
303054852
303058964
303058968
303058972
303058976
303058980
303058960
303058956
303058952
303058948
303063060
303063064
303063068
303063072
303063076
303063056
303063052
303063048
303063044
303067156
303067160
303067164
303067168
303067172
303067152
303067148
303067144
303067140
303071252
303071256
303071260
303071264
303071268
303071248
303071244
303071240
303071236
303075348
303075352
303075356
303075360
303075364
303075344
303075340
303075336
303075332
303079444
303079448
303079452
303079456
303079460
303079440
303079436
303079432
303079428
303083540
303083544
303083548
303083552
303083556
303083536
303083532
303083528
303083524
303087636
303087640
303087644
303087648
303087652
303087632
303087628
303087624
303087620
303042580
303042584
303042588
303042592
303042596
303042576
303042572
303042568
303042564
303046676
303046680
303046684
303046688
303046692
303046672
303046668
303046664
303046660
303050772
303050776
303050780
303050784
303050788
303050768
303050764
303050760
303050756
304119828
304119832
304119836
304119840
304119844
304119824
304119820
304119816
304119812
304123924
304123928
304123932
304123936
304123940
304123920
304123916
304123912
304123908
304128020
304128024
304128028
304128032
304128036
304128016
304128012
304128008
304128004
304132116
304132120
304132124
304132128
304132132
304132112
304132108
304132104
304132100
304136212
304136216
304136220
304136224
304136228
304136208
304136204
304136200
304136196
304140308
304140312
304140316
304140320
304140324
304140304
304140300
304140296
304140292
304144404
304144408
304144412
304144416
304144420
304144400
304144396
304144392
304144388
304148500
304148504
304148508
304148512
304148516
304148496
304148492
304148488
304148484
304152596
304152600
304152604
304152608
304152612
304152592
304152588
304152584
304152580
304156692
304156696
304156700
304156704
304156708
304156688
304156684
304156680
304156676
304160788
304160792
304160796
304160800
304160804
304160784
304160780
304160776
304160772
304164884
304164888
304164892
304164896
304164900
304164880
304164876
304164872
304164868
304168980
304168984
304168988
304168992
304168996
304168976
304168972
304168968
304168964
304173076
304173080
304173084
304173088
304173092
304173072
304173068
304173064
304173060
304177172
304177176
304177180
304177184
304177188
304177168
304177164
304177160
304177156
304181268
304181272
304181276
304181280
304181284
304181264
304181260
304181256
304181252
304185364
304185368
304185372
304185376
304185380
304185360
304185356
304185352
304185348
304189460
304189464
304189468
304189472
304189476
304189456
304189452
304189448
304189444
304193556
304193560
304193564
304193568
304193572
304193552
304193548
304193544
304193540
304197652
304197656
304197660
304197664
304197668
304197648
304197644
304197640
304197636
304201748
304201752
304201756
304201760
304201764
304201744
304201740
304201736
304201732
304091156
304091160
304091164
304091168
304091172
304091152
304091148
304091144
304091140
304095252
304095256
304095260
304095264
304095268
304095248
304095244
304095240
304095236
304099348
304099352
304099356
304099360
304099364
304099344
304099340
304099336
304099332
304103444
304103448
304103452
304103456
304103460
304103440
304103436
304103432
304103428
304107540
304107544
304107548
304107552
304107556
304107536
304107532
304107528
304107524
304111636
304111640
304111644
304111648
304111652
304111632
304111628
304111624
304111620
304115732
304115736
304115740
304115744
304115748
304115728
304115724
304115720
304115716
305164308
305164312
305164316
305164320
305164324
305164304
305164300
305164296
305164292
305168404
305168408
305168412
305168416
305168420
305168400
305168396
305168392
305168388
305172500
305172504
305172508
305172512
305172516
305172496
305172492
305172488
305172484
305176596
305176600
305176604
305176608
305176612
305176592
305176588
305176584
305176580
305180692
305180696
305180700
305180704
305180708
305180688
305180684
305180680
305180676
305184788
305184792
305184796
305184800
305184804
305184784
305184780
305184776
305184772
305188884
305188888
305188892
305188896
305188900
305188880
305188876
305188872
305188868
305192980
305192984
305192988
305192992
305192996
305192976
305192972
305192968
305192964
305197076
305197080
305197084
305197088
305197092
305197072
305197068
305197064
305197060
305201172
305201176
305201180
305201184
305201188
305201168
305201164
305201160
305201156
305205268
305205272
305205276
305205280
305205284
305205264
305205260
305205256
305205252
305209364
305209368
305209372
305209376
305209380
305209360
305209356
305209352
305209348
305213460
305213464
305213468
305213472
305213476
305213456
305213452
305213448
305213444
305217556
305217560
305217564
305217568
305217572
305217552
305217548
305217544
305217540
305221652
305221656
305221660
305221664
305221668
305221648
305221644
305221640
305221636
305225748
305225752
305225756
305225760
305225764
305225744
305225740
305225736
305225732
305229844
305229848
305229852
305229856
305229860
305229840
305229836
305229832
305229828
305233940
305233944
305233948
305233952
305233956
305233936
305233932
305233928
305233924
305139732
305139736
305139740
305139744
305139748
305139728
305139724
305139720
305139716
305143828
305143832
305143836
305143840
305143844
305143824
305143820
305143816
305143812
305147924
305147928
305147932
305147936
305147940
305147920
305147916
305147912
305147908
305152020
305152024
305152028
305152032
305152036
305152016
305152012
305152008
305152004
305156116
305156120
305156124
305156128
305156132
305156112
305156108
305156104
305156100
305160212
305160216
305160220
305160224
305160228
305160208
305160204
305160200
305160196
306221076
306221080
306221084
306221088
306221092
306221072
306221068
306221064
306221060
306225172
306225176
306225180
306225184
306225188
306225168
306225164
306225160
306225156
306229268
306229272
306229276
306229280
306229284
306229264
306229260
306229256
306229252
306233364
306233368
306233372
306233376
306233380
306233360
306233356
306233352
306233348
306237460
306237464
306237468
306237472
306237476
306237456
306237452
306237448
306237444
306241556
306241560
306241564
306241568
306241572
306241552
306241548
306241544
306241540
306245652
306245656
306245660
306245664
306245668
306245648
306245644
306245640
306245636
306249748
306249752
306249756
306249760
306249764
306249744
306249740
306249736
306249732
306253844
306253848
306253852
306253856
306253860
306253840
306253836
306253832
306253828
306257940
306257944
306257948
306257952
306257956
306257936
306257932
306257928
306257924
306262036
306262040
306262044
306262048
306262052
306262032
306262028
306262024
306262020
306266132
306266136
306266140
306266144
306266148
306266128
306266124
306266120
306266116
306270228
306270232
306270236
306270240
306270244
306270224
306270220
306270216
306270212
306274324
306274328
306274332
306274336
306274340
306274320
306274316
306274312
306274308
306278420
306278424
306278428
306278432
306278436
306278416
306278412
306278408
306278404
306282516
306282520
306282524
306282528
306282532
306282512
306282508
306282504
306282500
306286612
306286616
306286620
306286624
306286628
306286608
306286604
306286600
306286596
306290708
306290712
306290716
306290720
306290724
306290704
306290700
306290696
306290692
306294804
306294808
306294812
306294816
306294820
306294800
306294796
306294792
306294788
306298900
306298904
306298908
306298912
306298916
306298896
306298892
306298888
306298884
306302996
306303000
306303004
306303008
306303012
306302992
306302988
306302984
306302980
306307092
306307096
306307100
306307104
306307108
306307088
306307084
306307080
306307076
306311188
306311192
306311196
306311200
306311204
306311184
306311180
306311176
306311172
306315284
306315288
306315292
306315296
306315300
306315280
306315276
306315272
306315268
306188308
306188312
306188316
306188320
306188324
306188304
306188300
306188296
306188292
306192404
306192408
306192412
306192416
306192420
306192400
306192396
306192392
306192388
306196500
306196504
306196508
306196512
306196516
306196496
306196492
306196488
306196484
306200596
306200600
306200604
306200608
306200612
306200592
306200588
306200584
306200580
306204692
306204696
306204700
306204704
306204708
306204688
306204684
306204680
306204676
306208788
306208792
306208796
306208800
306208804
306208784
306208780
306208776
306208772
306212884
306212888
306212892
306212896
306212900
306212880
306212876
306212872
306212868
306216980
306216984
306216988
306216992
306216996
306216976
306216972
306216968
306216964

